Table of Analytical Solutions of 2x2 Ising-Model:
-------------------------------------------------

   MeanEnergy  SpecificHeat  MeanMagnetization  Susceptibility  MeanMagnetizationAbs
0   -1.995982      0.032082                0.0        3.993304              0.998661


Table of Numerical Solutions of 2x2 Ising-Model:
------------------------------------------------

            MeanEnergy  SpecificHeat  MeanMagnetization  Susceptibility  MeanMagnetizationAbs
MCcycles
500.0        -2.000000      0.000000           1.000000        0.000000              1.000000
1000.0       -2.000000      0.000000           1.000000        0.000000              1.000000
5000.0       -1.998000      0.015984           0.750800        0.001599              0.999400
10000.0      -1.998200      0.014387           0.612300        0.001799              0.999400
50000.0      -1.996080      0.031299           0.162160        0.004592              0.998580
100000.0     -1.996260      0.029864           0.305470        0.003874              0.998730
500000.0     -1.996208      0.030278           0.040227        0.003756              0.998741
1000000.0    -1.995908      0.032669          -0.031758        0.004097              0.998634
5000000.0    -1.995914      0.032621           0.004292        0.004110              0.998633
10000000.0   -1.996053      0.031512           0.020677        0.003978              0.998678